# Migration is number of nodes that have changed color.

Round		Edge-Cut		Swaps		Migrations		Skipped
0		4180		2395		1538
1		3838		4788		1618
2		3723		7181		1566
3		3667		9576		1622
4		3626		11970		1635
5		3569		14362		1616
6		3552		16753		1668
7		3530		19146		1666
8		3500		21539		1626
9		3466		23927		1665
10		3456		26319		1650
11		3448		28711		1624
12		3429		31105		1678
13		3416		33495		1663
14		3368		35890		1642
15		3354		38279		1658
16		3338		40671		1646
17		3300		43061		1647
18		3152		44582		1644
19		3071		46013		1656
20		3015		47414		1670
21		2947		48790		1670
22		2893		50131		1686
23		2847		51431		1677
24		2803		52687		1687
25		2761		53890		1687
26		2742		55065		1698
27		2706		56225		1692
28		2690		57340		1705
29		2675		58448		1718
30		2649		59535		1732
31		2640		60605		1716
32		2619		61662		1735
33		2610		62696		1722
34		2588		63708		1723
35		2580		64683		1733
36		2568		65653		1728
37		2548		66598		1726
38		2542		67515		1727
39		2536		68427		1732
40		2529		69329		1750
41		2521		70231		1739
42		2514		71143		1733
43		2504		72049		1739
44		2498		72950		1741
45		2491		73831		1733
46		2490		74702		1744
47		2482		75572		1731
48		2482		76426		1740
49		2473		77273		1735
50		2469		78122		1734
51		2462		78975		1738
52		2456		79800		1733
53		2442		80625		1736
54		2437		81445		1734
55		2440		82252		1732
56		2426		83063		1731
57		2417		83865		1744
58		2416		84667		1739
59		2411		85465		1751
60		2404		86257		1749
61		2397		87042		1745
62		2396		87816		1748
63		2390		88584		1751
64		2389		89349		1756
65		2385		90105		1750
66		2381		90854		1753
67		2378		91589		1755
68		2372		92317		1756
69		2374		93037		1763
70		2369		93760		1753
71		2362		94469		1756
72		2359		95168		1757
73		2356		95868		1754
74		2354		96562		1753
75		2351		97244		1754
76		2346		97923		1751
77		2344		98602		1752
78		2339		99278		1756
79		2340		99942		1755
80		2331		100607		1751
81		2327		101259		1752
82		2325		101904		1754
83		2318		102545		1754
84		2313		103176		1754
85		2310		103803		1755
86		2310		104429		1754
87		2308		105054		1753
88		2304		105678		1752
89		2303		106294		1750
90		2301		106904		1755
91		2299		107509		1754
92		2296		108114		1755
93		2293		108713		1756
94		2288		109306		1757
95		2284		109894		1757
96		2283		110478		1754
97		2280		111063		1756
98		2279		111640		1759
99		2279		112216		1759
100		2276		112791		1760
101		2276		113366		1760
102		2278		113939		1760
103		2274		114509		1759
104		2272		115077		1759
105		2269		115641		1759
106		2268		116205		1760
107		2265		116768		1758
108		2264		117327		1756
109		2264		117884		1760
110		2264		118441		1760
111		2263		118997		1759
112		2263		119551		1755
113		2262		120106		1759
114		2260		120658		1758
115		2257		121205		1758
116		2255		121748		1761
117		2250		122293		1760
118		2250		122833		1759
119		2249		123374		1760
120		2248		123911		1761
121		2248		124449		1762
122		2249		124987		1763
123		2249		125525		1763
124		2247		126061		1761
125		2246		126595		1763
126		2245		127126		1761
127		2245		127657		1761
128		2244		128187		1761
129		2240		128713		1760
130		2239		129234		1762
131		2237		129752		1760
132		2237		130268		1760
133		2236		130783		1760
134		2236		131297		1760
135		2235		131810		1758
136		2233		132322		1760
137		2233		132830		1760
138		2233		133338		1760
139		2231		133846		1758
140		2230		134351		1759
141		2229		134852		1760
142		2228		135353		1760
143		2227		135850		1761
144		2227		136346		1761
145		2226		136841		1763
146		2224		137333		1760
147		2224		137826		1759
148		2222		138316		1758
149		2220		138808		1755
150		2220		139298		1755
151		2220		139788		1755
152		2220		140278		1755
153		2219		140769		1755
154		2218		141258		1756
155		2217		141745		1758
156		2216		142233		1757
157		2216		142719		1757
158		2214		143204		1758
159		2212		143689		1759
160		2211		144170		1759
161		2211		144652		1759
162		2211		145134		1759
163		2211		145616		1759
164		2209		146098		1759
165		2208		146577		1760
166		2208		147055		1760
167		2208		147533		1760
168		2208		148013		1761
169		2205		148490		1761
170		2203		148960		1763
171		2201		149430		1761
172		2200		149896		1761
173		2197		150362		1762
174		2197		150824		1762
175		2196		151287		1762
176		2194		151752		1758
177		2193		152213		1759
178		2193		152673		1759
179		2192		153132		1758
180		2190		153588		1756
181		2190		154044		1756
182		2190		154500		1756
183		2188		154956		1756
184		2188		155408		1756
185		2188		155860		1756
186		2188		156312		1756
187		2188		156764		1756
188		2186		157214		1756
189		2186		157662		1756
190		2186		158110		1756
191		2184		158556		1755
192		2184		159000		1755
193		2184		159444		1755
194		2183		159887		1756
195		2183		160329		1756
196		2183		160771		1756
197		2181		161211		1754
198		2180		161648		1755
199		2180		162084		1755
200		2180		162520		1755
201		2180		162956		1755
202		2179		163391		1757
203		2179		163825		1757
204		2178		164258		1758
205		2177		164689		1756
206		2177		165119		1756
207		2176		165548		1755
208		2175		165975		1756
209		2174		166400		1756
210		2174		166824		1756
211		2171		167245		1758
212		2171		167663		1758
213		2169		168081		1757
214		2169		168495		1757
215		2168		168908		1758
216		2168		169320		1758
217		2168		169732		1758
218		2167		170143		1757
219		2167		170553		1757
220		2167		170963		1757
221		2166		171372		1758
222		2166		171780		1758
223		2165		172189		1756
224		2163		172595		1757
225		2163		172999		1757
226		2163		173403		1757
227		2163		173807		1757
228		2161		174209		1756
229		2161		174609		1756
230		2160		175008		1755
231		2160		175406		1755
232		2160		175804		1755
233		2160		176202		1755
234		2157		176597		1756
235		2157		176989		1756
236		2157		177381		1756
237		2157		177773		1756
238		2157		178165		1756
239		2155		178557		1754
240		2155		178945		1754
241		2155		179333		1754
242		2155		179721		1754
243		2155		180109		1754
244		2155		180497		1754
245		2155		180885		1754
246		2154		181272		1755
247		2154		181658		1755
248		2153		182043		1754
249		2153		182427		1754
250		2152		182810		1755
251		2152		183192		1755
252		2151		183573		1754
253		2151		183953		1754
254		2150		184334		1756
255		2150		184712		1756
256		2148		185090		1753
257		2148		185464		1753
258		2147		185839		1753
259		2147		186211		1753
260		2145		186583		1754
261		2144		186950		1752
262		2142		187314		1751
263		2142		187676		1751
264		2142		188038		1751
265		2142		188400		1751
266		2142		188762		1751
267		2142		189124		1751
268		2141		189485		1752
269		2141		189845		1752
270		2141		190205		1752
271		2141		190565		1752
272		2139		190925		1754
273		2139		191281		1754
274		2139		191637		1754
275		2138		191992		1752
276		2138		192346		1752
277		2138		192700		1752
278		2138		193054		1752
279		2138		193408		1752
280		2137		193761		1751
281		2136		194114		1751
282		2136		194464		1751
283		2136		194814		1751
284		2136		195164		1751
285		2136		195514		1751
286		2136		195864		1751
287		2136		196214		1751
288		2136		196564		1751
289		2136		196914		1751
290		2135		197263		1750
291		2134		197610		1750
292		2134		197956		1750
293		2134		198302		1750
294		2134		198648		1750
295		2133		198993		1748
296		2133		199337		1748
297		2133		199681		1748
298		2133		200025		1748
299		2132		200368		1748
300		2132		200710		1748
301		2131		201053		1749
302		2132		201394		1751
303		2130		201736		1749
304		2130		202076		1749
305		2130		202416		1749
306		2129		202755		1749
307		2129		203093		1749
308		2128		203430		1749
309		2128		203766		1749
310		2128		204102		1749
311		2127		204437		1749
312		2127		204771		1749
313		2126		205104		1748
314		2126		205436		1748
315		2126		205768		1748
316		2125		206099		1746
317		2124		206430		1744
318		2124		206758		1744
319		2123		207085		1745
320		2122		207410		1745
321		2121		207735		1745
322		2120		208056		1744
323		2120		208376		1744
324		2120		208696		1744
325		2120		209016		1744
326		2119		209335		1745
327		2119		209653		1745
328		2118		209970		1745
329		2118		210286		1745
330		2117		210601		1743
331		2117		210915		1743
332		2117		211229		1743
333		2117		211543		1743
334		2116		211856		1742
335		2116		212168		1742
336		2116		212480		1742
337		2116		212792		1742
338		2116		213104		1742
339		2115		213417		1745
340		2113		213725		1742
341		2112		214032		1743
342		2112		214338		1743
343		2112		214644		1743
344		2112		214950		1743
345		2112		215256		1743
346		2112		215562		1743
347		2111		215867		1742
348		2111		216171		1742
349		2111		216475		1742
350		2111		216779		1742
351		2111		217083		1742
352		2111		217387		1742
353		2111		217691		1742
354		2111		217995		1742
355		2111		218299		1742
356		2111		218603		1742
357		2111		218907		1742
358		2111		219211		1742
359		2111		219515		1742
360		2111		219819		1742
361		2110		220124		1740
362		2110		220426		1740
363		2110		220728		1740
364		2110		221030		1740
365		2110		221332		1740
366		2110		221634		1740
367		2110		221936		1740
368		2110		222238		1740
369		2109		222539		1742
370		2109		222839		1742
371		2109		223139		1742
372		2109		223439		1742
373		2109		223739		1742
374		2109		224039		1742
375		2107		224337		1742
376		2107		224633		1742
377		2107		224929		1742
378		2107		225225		1742
379		2107		225521		1742
380		2107		225817		1742
381		2107		226113		1742
382		2107		226409		1742
383		2106		226704		1742
384		2106		226998		1742
385		2106		227292		1742
386		2106		227586		1742
387		2106		227880		1742
388		2106		228174		1742
389		2106		228468		1742
390		2106		228762		1742
391		2106		229056		1742
392		2105		229351		1740
393		2105		229643		1740
394		2105		229935		1740
395		2105		230227		1740
396		2104		230518		1741
397		2103		230807		1741
398		2103		231095		1741
399		2103		231383		1741
400		2103		231671		1741
401		2103		231959		1741
402		2103		232247		1741
403		2103		232535		1741
404		2103		232823		1741
405		2109		233118		1744
406		2106		233415		1745
407		2106		233709		1745
408		2105		234006		1744
409		2105		234302		1746
410		2104		234599		1747
411		2103		234894		1747
412		2102		235187		1746
413		2101		235480		1746
414		2102		235769		1746
415		2101		236058		1745
416		2100		236347		1745
417		2099		236640		1744
418		2101		236932		1743
419		2100		237225		1744
420		2099		237516		1742
421		2098		237807		1744
422		2098		238095		1744
423		2098		238383		1744
424		2097		238672		1744
425		2097		238958		1744
426		2097		239244		1744
427		2097		239530		1744
428		2097		239816		1744
429		2096		240101		1744
430		2095		240386		1743
431		2095		240670		1743
432		2095		240954		1743
433		2095		241238		1743
434		2095		241522		1743
435		2095		241806		1743
436		2095		242090		1743
437		2094		242373		1742
438		2092		242653		1740
439		2091		242930		1740
440		2091		243206		1740
441		2091		243482		1740
442		2091		243758		1740
443		2091		244034		1740
444		2091		244310		1740
445		2091		244586		1740
446		2091		244862		1740
447		2091		245138		1740
448		2091		245414		1740
449		2091		245690		1740
450		2091		245966		1740
451		2091		246242		1740
452		2091		246518		1740
453		2091		246797		1741
454		2091		247075		1741
455		2091		247353		1741
456		2091		247631		1741
457		2091		247909		1741
458		2090		248188		1742
459		2090		248466		1742
460		2090		248744		1742
461		2090		249022		1742
462		2090		249300		1742
463		2090		249578		1742
464		2090		249856		1742
465		2090		250134		1742
466		2089		250413		1742
467		2089		250689		1742
468		2089		250965		1742
469		2089		251241		1742
470		2088		251516		1741
471		2088		251790		1741
472		2088		252064		1741
473		2088		252338		1741
474		2088		252612		1741
475		2088		252886		1741
476		2088		253160		1741
477		2087		253433		1742
478		2087		253705		1742
479		2087		253977		1742
480		2087		254249		1742
481		2087		254521		1742
482		2087		254793		1742
483		2086		255064		1741
484		2086		255334		1741
485		2086		255604		1741
486		2086		255874		1741
487		2086		256144		1741
488		2086		256414		1741
489		2086		256684		1741
490		2086		256954		1741
491		2086		257224		1741
492		2086		257494		1741
493		2086		257764		1741
494		2085		258033		1740
495		2085		258301		1740
496		2085		258569		1740
497		2085		258837		1740
498		2085		259105		1740
499		2085		259373		1740
500		2085		259641		1740
501		2085		259909		1740
502		2085		260177		1740
503		2085		260445		1740
504		2084		260712		1742
505		2084		260978		1742
506		2084		261244		1742
507		2083		261509		1740
508		2083		261773		1740
509		2083		262037		1740
510		2083		262301		1740
511		2083		262565		1740
512		2083		262829		1740
513		2083		263093		1740
514		2083		263357		1740
515		2083		263621		1740
516		2083		263885		1740
517		2082		264148		1740
518		2082		264410		1740
519		2082		264672		1740
520		2082		264934		1740
521		2082		265196		1740
522		2082		265458		1740
523		2082		265720		1740
524		2082		265982		1740
525		2082		266244		1740
526		2082		266506		1740
527		2082		266768		1740
528		2082		267030		1740
529		2082		267292		1740
530		2082		267554		1740
531		2081		267815		1741
532		2081		268075		1741
533		2081		268335		1741
534		2081		268595		1741
535		2081		268855		1741
536		2081		269115		1741
537		2081		269375		1741
538		2081		269635		1741
539		2081		269895		1741
540		2081		270155		1741
541		2080		270414		1743
542		2080		270672		1743
543		2080		270930		1743
544		2080		271188		1743
545		2080		271446		1743
546		2080		271704		1743
547		2080		271962		1743
548		2080		272220		1743
549		2079		272477		1744
550		2079		272733		1744
551		2079		272989		1744
552		2079		273245		1744
553		2079		273501		1744
554		2079		273757		1744
555		2079		274013		1744
556		2079		274269		1744
557		2079		274525		1744
558		2079		274781		1744
559		2078		275036		1743
560		2078		275290		1743
561		2078		275544		1743
562		2078		275798		1743
563		2078		276052		1743
564		2078		276306		1743
565		2078		276560		1743
566		2077		276813		1743
567		2077		277065		1743
568		2077		277317		1743
569		2077		277569		1743
570		2077		277821		1743
571		2077		278073		1743
572		2077		278325		1743
573		2076		278576		1743
574		2076		278826		1743
575		2076		279076		1743
576		2076		279326		1743
577		2076		279576		1743
578		2076		279826		1743
579		2076		280076		1743
580		2076		280326		1743
581		2076		280576		1743
582		2076		280826		1743
583		2076		281076		1743
584		2076		281326		1743
585		2076		281576		1743
586		2076		281826		1743
587		2076		282076		1743
588		2076		282326		1743
589		2076		282576		1743
590		2076		282826		1743
591		2075		283075		1742
592		2075		283323		1742
593		2074		283570		1743
594		2074		283816		1743
595		2074		284062		1743
596		2073		284307		1742
597		2073		284551		1742
598		2073		284795		1742
599		2073		285039		1742
600		2073		285283		1742
601		2073		285527		1742
602		2072		285770		1743
603		2072		286012		1743
604		2070		286254		1742
605		2070		286492		1742
606		2070		286730		1742
607		2070		286968		1742
608		2070		287206		1742
609		2070		287444		1742
610		2069		287681		1743
611		2069		287917		1743
612		2069		288153		1743
613		2069		288389		1743
614		2069		288625		1743
615		2069		288861		1743
616		2069		289097		1743
617		2068		289332		1742
618		2068		289566		1742
619		2068		289800		1742
620		2068		290034		1742
621		2068		290268		1742
622		2068		290502		1742
623		2068		290736		1742
624		2068		290970		1742
625		2068		291204		1742
626		2068		291438		1742
627		2068		291672		1742
628		2068		291906		1742
629		2068		292140		1742
630		2068		292374		1742
631		2068		292608		1742
632		2068		292842		1742
633		2068		293076		1742
634		2068		293310		1742
635		2068		293544		1742
636		2067		293777		1741
637		2067		294009		1741
638		2066		294240		1742
639		2066		294470		1742
640		2065		294699		1741
641		2065		294927		1741
642		2065		295155		1741
643		2065		295383		1741
644		2065		295611		1741
645		2065		295839		1741
646		2065		296067		1741
647		2065		296295		1741
648		2065		296523		1741
649		2065		296751		1741
650		2065		296979		1741
651		2065		297207		1741
652		2065		297435		1741
653		2065		297663		1741
654		2065		297891		1741
655		2065		298119		1741
656		2065		298347		1741
657		2065		298575		1741
658		2065		298803		1741
659		2065		299031		1741
660		2065		299259		1741
661		2065		299487		1741
662		2065		299715		1741
663		2065		299943		1741
664		2065		300171		1741
665		2065		300399		1741
666		2065		300627		1741
667		2065		300855		1741
668		2065		301083		1741
669		2065		301311		1741
670		2065		301539		1741
671		2065		301767		1741
672		2064		301994		1742
673		2064		302220		1742
674		2064		302446		1742
675		2064		302672		1742
676		2063		302897		1744
677		2063		303121		1744
678		2063		303345		1744
679		2063		303569		1744
680		2063		303793		1744
681		2063		304017		1744
682		2063		304241		1744
683		2063		304465		1744
684		2063		304689		1744
685		2063		304913		1744
686		2063		305137		1744
687		2063		305361		1744
688		2063		305585		1744
689		2063		305809		1744
690		2063		306033		1744
691		2063		306257		1744
692		2063		306481		1744
693		2063		306705		1744
694		2063		306929		1744
695		2063		307153		1744
696		2063		307377		1744
697		2063		307601		1744
698		2063		307825		1744
699		2063		308049		1744
700		2062		308272		1743
701		2062		308494		1743
702		2062		308716		1743
703		2062		308938		1743
704		2062		309160		1743
705		2062		309382		1743
706		2062		309604		1743
707		2062		309826		1743
708		2062		310048		1743
709		2062		310270		1743
710		2062		310492		1743
711		2062		310714		1743
712		2062		310936		1743
713		2062		311158		1743
714		2062		311380		1743
715		2062		311602		1743
716		2062		311824		1743
717		2062		312046		1743
718		2062		312268		1743
719		2062		312490		1743
720		2062		312712		1743
721		2062		312934		1743
722		2062		313156		1743
723		2062		313378		1743
724		2062		313600		1743
725		2062		313822		1743
726		2062		314044		1743
727		2062		314266		1743
728		2062		314488		1743
729		2062		314710		1743
730		2062		314932		1743
731		2062		315154		1743
732		2062		315376		1743
733		2062		315598		1743
734		2062		315820		1743
735		2062		316042		1743
736		2062		316264		1743
737		2062		316486		1743
738		2062		316708		1743
739		2062		316930		1743
740		2062		317152		1743
741		2062		317374		1743
742		2062		317596		1743
743		2062		317818		1743
744		2062		318040		1743
745		2062		318262		1743
746		2062		318484		1743
747		2062		318706		1743
748		2062		318928		1743
749		2062		319150		1743
750		2062		319372		1743
751		2062		319594		1743
752		2062		319816		1743
753		2062		320038		1743
754		2062		320260		1743
755		2062		320482		1743
756		2062		320704		1743
757		2062		320926		1743
758		2062		321148		1743
759		2062		321370		1743
760		2061		321591		1744
761		2061		321811		1744
762		2061		322031		1744
763		2061		322251		1744
764		2061		322471		1744
765		2061		322691		1744
766		2061		322911		1744
767		2061		323131		1744
768		2061		323351		1744
769		2061		323571		1744
770		2061		323791		1744
771		2061		324011		1744
772		2061		324231		1744
773		2061		324451		1744
774		2061		324671		1744
775		2061		324891		1744
776		2061		325111		1744
777		2061		325331		1744
778		2061		325551		1744
779		2061		325771		1744
780		2061		325991		1744
781		2061		326211		1744
782		2061		326431		1744
783		2061		326651		1744
784		2061		326871		1744
785		2061		327091		1744
786		2061		327311		1744
787		2061		327531		1744
788		2061		327751		1744
789		2061		327971		1744
790		2061		328191		1744
791		2061		328411		1744
792		2061		328631		1744
793		2061		328851		1744
794		2061		329071		1744
795		2061		329291		1744
796		2061		329511		1744
797		2061		329731		1744
798		2061		329951		1744
799		2061		330171		1744
800		2061		330391		1744
801		2061		330611		1744
802		2061		330831		1744
803		2061		331051		1744
804		2061		331271		1744
805		2061		331491		1744
806		2061		331711		1744
807		2061		331931		1744
808		2061		332151		1744
809		2061		332371		1744
810		2061		332591		1744
811		2061		332811		1744
812		2061		333031		1744
813		2061		333251		1744
814		2061		333471		1744
815		2061		333691		1744
816		2061		333911		1744
817		2061		334131		1744
818		2061		334351		1744
819		2061		334571		1744
820		2061		334791		1744
821		2061		335011		1744
822		2061		335231		1744
823		2061		335451		1744
824		2061		335671		1744
825		2061		335891		1744
826		2060		336112		1745
827		2060		336330		1745
828		2060		336548		1745
829		2060		336766		1745
830		2060		336984		1745
831		2060		337202		1745
832		2060		337420		1745
833		2060		337638		1745
834		2060		337856		1745
835		2060		338074		1745
836		2060		338292		1745
837		2060		338510		1745
838		2060		338728		1745
839		2060		338946		1745
840		2060		339164		1745
841		2060		339382		1745
842		2060		339600		1745
843		2060		339818		1745
844		2060		340036		1745
845		2060		340254		1745
846		2060		340472		1745
847		2060		340690		1745
848		2060		340908		1745
849		2060		341126		1745
850		2060		341344		1745
851		2060		341562		1745
852		2060		341780		1745
853		2060		341998		1745
854		2060		342216		1745
855		2060		342434		1745
856		2060		342652		1745
857		2060		342870		1745
858		2060		343088		1745
859		2060		343306		1745
860		2060		343524		1745
861		2060		343742		1745
862		2060		343960		1745
863		2060		344178		1745
864		2060		344396		1745
865		2060		344614		1745
866		2060		344832		1745
867		2060		345050		1745
868		2060		345268		1745
869		2060		345486		1745
870		2060		345704		1745
871		2060		345922		1745
872		2060		346140		1745
873		2060		346358		1745
874		2060		346576		1745
875		2060		346794		1745
876		2060		347012		1745
877		2060		347230		1745
878		2060		347448		1745
879		2060		347666		1745
880		2060		347884		1745
881		2060		348102		1745
882		2060		348320		1745
883		2060		348538		1745
884		2060		348756		1745
885		2060		348974		1745
886		2060		349192		1745
887		2060		349410		1745
888		2060		349628		1745
889		2060		349846		1745
890		2060		350064		1745
891		2060		350282		1745
892		2060		350500		1745
893		2060		350718		1745
894		2060		350936		1745
895		2060		351154		1745
896		2060		351372		1745
897		2060		351590		1745
898		2060		351808		1745
899		2060		352026		1745
900		2060		352244		1745
901		2060		352462		1745
902		2060		352680		1745
903		2060		352898		1745
904		2060		353116		1745
905		2060		353334		1745
906		2060		353552		1745
907		2060		353770		1745
908		2060		353988		1745
909		2060		354206		1745
910		2060		354424		1745
911		2060		354642		1745
912		2060		354860		1745
913		2060		355078		1745
914		2060		355296		1745
915		2060		355514		1745
916		2060		355732		1745
917		2060		355950		1745
918		2060		356168		1745
919		2060		356386		1745
920		2060		356604		1745
921		2060		356822		1745
922		2060		357040		1745
923		2060		357258		1745
924		2060		357476		1745
925		2060		357694		1745
926		2060		357912		1745
927		2060		358130		1745
928		2060		358348		1745
929		2060		358566		1745
930		2060		358784		1745
931		2060		359002		1745
932		2060		359220		1745
933		2060		359438		1745
934		2060		359656		1745
935		2060		359874		1745
936		2060		360092		1745
937		2060		360310		1745
938		2060		360528		1745
939		2060		360746		1745
940		2060		360964		1745
941		2060		361182		1745
942		2060		361400		1745
943		2060		361618		1745
944		2060		361836		1745
945		2060		362054		1745
946		2060		362272		1745
947		2060		362490		1745
948		2060		362708		1745
949		2060		362926		1745
950		2060		363144		1745
951		2060		363362		1745
952		2060		363580		1745
953		2060		363798		1745
954		2060		364016		1745
955		2060		364234		1745
956		2060		364452		1745
957		2060		364670		1745
958		2060		364888		1745
959		2060		365106		1745
960		2060		365324		1745
961		2060		365542		1745
962		2060		365760		1745
963		2060		365978		1745
964		2060		366196		1745
965		2060		366414		1745
966		2060		366632		1745
967		2060		366850		1745
968		2060		367068		1745
969		2060		367286		1745
970		2060		367504		1745
971		2060		367722		1745
972		2060		367940		1745
973		2060		368158		1745
974		2060		368376		1745
975		2060		368594		1745
976		2060		368812		1745
977		2060		369030		1745
978		2060		369248		1745
979		2060		369466		1745
980		2060		369684		1745
981		2060		369902		1745
982		2060		370120		1745
983		2060		370338		1745
984		2060		370556		1745
985		2060		370774		1745
986		2060		370992		1745
987		2060		371210		1745
988		2060		371428		1745
989		2060		371646		1745
990		2060		371864		1745
991		2060		372082		1745
992		2060		372300		1745
993		2060		372518		1745
994		2060		372736		1745
995		2060		372954		1745
996		2060		373172		1745
997		2060		373390		1745
998		2060		373608		1745
999		2060		373826		1745
