# Migration is number of nodes that have changed color.

Round		Edge-Cut		Swaps		Migrations		Skipped
0		106813		2722		1600
1		86958		5434		1873
2		72330		8121		1930
3		63923		10802		1976
4		58996		13490		2001
5		55625		16144		1978
6		52438		18816		1998
7		49998		21486		2013
8		47915		24138		2028
9		46891		26794		2023
10		45666		27098		2027
11		45259		29751		2032
12		44989		32402		2017
13		44787		35057		2013
14		44422		37709		2027
15		44242		40369		2042
16		44180		43023		2039
17		43954		45675		2040
18		43879		48327		2031
19		43804		50976		2022
20		43323		51184		2013
21		43085		53820		2031
22		42844		56469		2026
23		42652		59106		2024
24		42398		61741		2026
25		42256		64378		2034
26		42149		67006		2028
27		42052		69643		2032
28		41997		72297		2035
29		41932		74937		2040
30		41880		75036		2029
31		41885		77672		2029
32		41828		80300		2029
33		41810		82934		2028
34		41746		85568		2034
35		41745		88209		2038
36		41712		90863		2036
37		41693		93497		2038
38		41647		96132		2026
39		41630		98776		2030
40		41594		98824		2038
41		41580		101467		2035
42		41566		104095		2035
43		41559		106714		2039
44		41567		109344		2041
45		41560		111972		2042
46		41521		114599		2037
47		41513		117224		2037
48		41511		119861		2037
49		41505		122491		2037
50		41495		122509		2041
51		41481		125135		2044
52		41475		127773		2045
53		41473		130400		2042
54		41461		133026		2047
55		41466		135672		2046
56		41460		138298		2045
57		41455		140936		2047
58		41454		143575		2045
59		41449		146198		2041
60		41442		146218		2045
61		41436		148855		2046
62		41426		151492		2045
63		41429		154126		2046
64		41427		156758		2043
65		41422		159383		2042
66		41419		162017		2040
67		41416		164640		2039
68		41408		167266		2043
69		41408		169890		2043
70		41378		169901		2046
71		41379		172530		2042
72		41379		175162		2047
73		41368		177781		2047
74		41368		180413		2048
75		41360		183038		2048
76		41355		185665		2050
77		41353		188307		2050
78		41347		190945		2053
79		41352		193580		2055
80		41336		193591		2053
81		41329		196238		2056
82		41329		198851		2056
83		41336		201480		2058
84		41335		204092		2061
85		41334		206721		2059
86		41335		209342		2059
87		41337		211966		2060
88		41334		214591		2058
89		41332		217216		2057
90		41298		217223		2059
91		41298		219860		2061
92		41298		222503		2059
93		41303		225117		2059
94		41304		227758		2060
95		41303		230391		2059
96		41305		233031		2060
97		41304		235666		2060
98		41304		238307		2060
99		41305		240942		2058
100		41308		240946		2056
101		41308		243559		2058
102		41306		246199		2055
103		41299		248829		2055
104		41313		251462		2054
105		41306		254100		2055
106		41301		256703		2054
107		41301		259316		2054
108		41296		261930		2056
109		41292		264565		2054
110		41294		264569		2054
111		41290		267195		2056
112		41291		269838		2051
113		41291		272457		2051
114		41285		275076		2053
115		41283		277705		2053
116		41283		280329		2050
117		41285		282954		2050
118		41287		285592		2053
119		41289		288207		2053
120		41285		288210		2051
121		41285		290845		2050
122		41283		293485		2052
123		41288		296117		2051
124		41287		298751		2053
125		41286		301385		2052
126		41285		304031		2052
127		41286		306657		2056
128		41288		309283		2057
129		41292		311908		2058
130		41292		311908		2058
131		41292		314540		2056
132		41292		317157		2055
133		41290		319784		2057
134		41293		322418		2055
135		41292		325046		2054
136		41290		327673		2053
137		41291		330301		2055
138		41289		332936		2052
139		41291		335552		2054
140		41288		335555		2052
141		41288		338189		2051
142		41290		340808		2053
143		41288		343439		2051
144		41288		346065		2051
145		41288		348696		2052
146		41287		351331		2053
147		41289		353956		2053
148		41287		356589		2052
149		41287		359219		2052
150		41287		359221		2050
151		41286		361846		2049
152		41286		364471		2050
153		41287		367099		2049
154		41287		369723		2047
155		41286		372348		2043
156		41285		374985		2043
157		41285		377595		2044
158		41286		380212		2046
159		41286		382839		2046
160		41285		382842		2046
161		41276		385468		2045
162		41278		388076		2045
163		41278		390714		2044
164		41277		393332		2041
165		41275		395960		2042
166		41274		398587		2042
167		41274		401220		2041
168		41273		403845		2044
169		41273		406487		2044
170		41276		406488		2046
171		41275		409127		2048
172		41275		411759		2047
173		41275		414377		2047
174		41275		416996		2047
175		41275		419607		2045
176		41275		422241		2045
177		41275		424875		2045
178		41275		427508		2046
179		41275		430136		2045
180		41275		430136		2045
181		41275		432765		2045
182		41275		435373		2045
183		41275		438005		2046
184		41275		440626		2046
185		41275		443253		2046
186		41275		445874		2046
187		41275		448503		2046
188		41275		451123		2046
189		41275		453753		2046
190		41275		453753		2046
191		41275		456382		2046
192		41275		459005		2045
193		41275		461657		2045
194		41275		464273		2045
195		41275		466896		2046
196		41275		469516		2046
197		41275		472140		2046
198		41275		474771		2046
199		41275		477397		2046
200		41274		477398		2045
201		41274		480019		2045
202		41274		482650		2045
203		41274		485262		2045
204		41274		487884		2045
205		41274		490515		2043
206		41274		493127		2041
207		41274		495747		2041
208		41274		498362		2041
209		41279		500988		2040
210		41280		500989		2042
211		41280		503605		2043
212		41280		506231		2042
213		41280		508852		2042
214		41280		511479		2042
215		41279		514086		2043
216		41279		516715		2043
217		41279		519333		2043
218		41279		521941		2042
219		41279		524565		2043
220		41279		524565		2043
221		41281		527186		2041
222		41280		529825		2041
223		41279		532442		2041
224		41279		535069		2040
225		41279		537697		2040
226		41279		540318		2040
227		41279		542928		2040
228		41279		545549		2039
229		41279		548177		2039
230		41279		548177		2039
231		41281		550832		2040
232		41281		553462		2042
233		41281		556096		2042
234		41281		558735		2042
235		41281		561356		2043
236		41281		563983		2043
237		41280		566604		2042
238		41280		569226		2040
239		41280		571848		2038
240		41280		571848		2038
241		41280		574469		2040
242		41280		577099		2040
243		41282		579724		2042
244		41282		582342		2042
245		41280		584972		2043
246		41280		587606		2042
247		41282		590232		2041
248		41280		592846		2041
249		41282		595468		2041
250		41282		595469		2040
251		41281		598077		2042
252		41281		600692		2042
253		41281		603331		2041
254		41281		605969		2041
255		41281		608583		2040
256		41281		611208		2040
257		41283		613826		2041
258		41281		616431		2040
259		41281		619047		2040
260		41281		619047		2040
261		41283		621671		2041
262		41285		624304		2039
263		41282		626937		2042
264		41283		629548		2040
265		41281		632165		2041
266		41281		634775		2042
267		41281		637394		2042
268		41281		640009		2042
269		41281		642644		2041
270		41293		642645		2041
271		41293		645278		2041
272		41295		647898		2040
273		41293		650518		2040
274		41295		653145		2039
275		41296		655769		2041
276		41295		658395		2041
277		41295		661018		2041
278		41294		663651		2040
279		41294		666292		2040
280		41293		666293		2039
281		41280		668919		2040
282		41279		671562		2041
283		41279		674183		2041
284		41279		676803		2043
285		41279		679421		2043
286		41279		682026		2042
287		41279		684625		2042
288		41269		687250		2041
289		41269		689866		2041
290		41270		689867		2043
291		41270		692475		2043
292		41271		695105		2043
293		41270		697739		2045
294		41270		700386		2044
295		41271		703028		2044
296		41270		705661		2043
297		41270		708286		2043
298		41270		710922		2042
299		41269		713535		2043
300		41268		713537		2042
301		41267		716148		2043
302		41266		718754		2044
303		41266		721383		2044
304		41266		724009		2044
305		41266		726626		2046
306		41266		729243		2046
307		41266		731875		2044
308		41266		734497		2044
309		41266		737105		2044
310		41266		737105		2044
311		41265		739725		2044
312		41265		742354		2044
313		41265		744966		2044
314		41265		747577		2044
315		41265		750204		2044
316		41265		752822		2044
317		41265		755443		2044
318		41265		758078		2044
319		41265		760704		2046
320		41265		760704		2046
321		41265		763334		2045
322		41265		765971		2046
323		41265		768600		2047
324		41265		771232		2046
325		41265		773842		2046
326		41265		776466		2046
327		41265		779086		2047
328		41265		781724		2047
329		41265		784366		2047
330		41265		784366		2047
331		41264		786998		2046
332		41264		789607		2046
333		41264		792255		2046
334		41264		794895		2046
335		41264		797538		2046
336		41264		800151		2046
337		41264		802776		2046
338		41264		805399		2046
339		41264		808032		2046
340		41264		808032		2046
341		41264		810667		2046
342		41264		813303		2046
343		41264		815936		2046
344		41264		818569		2046
345		41264		821193		2046
346		41264		823845		2046
347		41264		826461		2046
348		41264		829084		2046
349		41264		831721		2046
350		41264		831721		2046
351		41264		834345		2045
352		41264		836974		2044
353		41264		839600		2044
354		41264		842223		2044
355		41264		844830		2044
356		41264		847454		2044
357		41264		850070		2044
358		41264		852699		2044
359		41264		855322		2044
360		41270		855323		2044
361		41270		857951		2044
362		41270		860591		2044
363		41270		863221		2044
364		41270		865853		2044
365		41270		868493		2044
366		41270		871139		2044
367		41270		873764		2045
368		41270		876388		2045
369		41270		879012		2045
370		41270		879012		2045
371		41270		881623		2045
372		41270		884248		2045
373		41270		886856		2045
374		41270		889492		2045
375		41270		892123		2045
376		41270		894741		2045
377		41270		897363		2045
378		41270		899988		2045
379		41270		902592		2043
380		41274		902593		2043
381		41274		905218		2043
382		41274		907829		2043
383		41274		910463		2043
384		41274		913103		2041
385		41274		915745		2043
386		41274		918361		2043
387		41274		920994		2042
388		41276		923631		2044
389		41276		926251		2044
390		41274		926252		2044
391		41274		928874		2044
392		41274		931494		2040
393		41274		934113		2039
394		41274		936728		2040
395		41273		939353		2041
396		41273		941971		2041
397		41273		944603		2041
398		41273		947236		2041
399		41273		949887		2043
400		41273		949887		2043
401		41273		952517		2043
402		41273		955151		2043
403		41273		957778		2042
404		41273		960410		2042
405		41273		963039		2042
406		41273		965652		2041
407		41273		968283		2043
408		41273		970909		2043
409		41273		973543		2043
410		41273		973543		2043
411		41273		976152		2044
412		41273		978768		2044
413		41273		981391		2044
414		41273		984010		2044
415		41273		986645		2044
416		41273		989274		2044
417		41273		991880		2044
418		41273		994526		2045
419		41273		997151		2045
420		41271		997153		2048
421		41271		999775		2048
422		41271		1002390		2048
423		41271		1005030		2048
424		41271		1007658		2048
425		41271		1010295		2048
426		41271		1012921		2048
427		41271		1015548		2048
428		41271		1018180		2048
429		41271		1020814		2048
430		41268		1020815		2047
431		41268		1023451		2047
432		41268		1026076		2046
433		41268		1028694		2046
434		41268		1031326		2047
435		41268		1033952		2047
436		41268		1036581		2047
437		41268		1039202		2047
438		41268		1041834		2047
439		41268		1044458		2047
440		41268		1044458		2047
441		41268		1047064		2047
442		41268		1049706		2047
443		41268		1052336		2047
444		41268		1054966		2047
445		41268		1057574		2047
446		41268		1060200		2047
447		41268		1062837		2047
448		41268		1065469		2047
449		41268		1068107		2047
450		41268		1068107		2047
451		41268		1070720		2047
452		41268		1073335		2048
453		41268		1075962		2047
454		41268		1078591		2047
455		41268		1081218		2047
456		41268		1083827		2047
457		41268		1086452		2045
458		41268		1089081		2045
459		41268		1091704		2045
460		41268		1091704		2045
461		41268		1094323		2045
462		41268		1096945		2045
463		41268		1099565		2045
464		41268		1102187		2045
465		41268		1104810		2046
466		41268		1107436		2046
467		41268		1110059		2046
468		41268		1112679		2046
469		41268		1115320		2047
470		41268		1115320		2047
471		41268		1117964		2046
472		41270		1120583		2045
473		41268		1123207		2046
474		41268		1125827		2046
475		41268		1128446		2046
476		41268		1131091		2045
477		41268		1133737		2046
478		41268		1136370		2046
479		41268		1138996		2046
480		41268		1138996		2046
481		41268		1141623		2047
482		41267		1144245		2046
483		41267		1146884		2046
484		41267		1149514		2046
485		41267		1152131		2046
486		41267		1154744		2048
487		41267		1157373		2048
488		41267		1160021		2048
489		41267		1162643		2048
490		41262		1162645		2046
491		41262		1165274		2046
492		41262		1167892		2046
493		41262		1170524		2046
494		41265		1173148		2048
495		41262		1175778		2046
496		41262		1178381		2046
497		41262		1181022		2046
498		41262		1183653		2046
499		41262		1186294		2046
500		41261		1186296		2044
501		41262		1188924		2044
502		41262		1191554		2044
503		41262		1194172		2044
504		41262		1196781		2044
505		41262		1199415		2044
506		41265		1202031		2047
507		41265		1204646		2047
508		41262		1207275		2045
509		41262		1209904		2045
510		41269		1209907		2047
511		41269		1212538		2047
512		41269		1215165		2047
513		41269		1217807		2047
514		41269		1220439		2047
515		41269		1223065		2047
516		41269		1225698		2047
517		41269		1228320		2048
518		41269		1230939		2048
519		41269		1233566		2046
520		41269		1233566		2046
521		41269		1236187		2046
522		41269		1238815		2046
523		41269		1241430		2046
524		41269		1244053		2046
525		41269		1246659		2046
526		41269		1249267		2047
527		41269		1251895		2047
528		41269		1254521		2045
529		41269		1257143		2045
530		41269		1257143		2045
531		41269		1259779		2045
532		41269		1262393		2042
533		41269		1265018		2042
534		41269		1267648		2041
535		41269		1270271		2042
536		41269		1272892		2043
537		41269		1275503		2044
538		41269		1278140		2044
539		41269		1280758		2044
540		41269		1280758		2044
541		41269		1283383		2044
542		41269		1286019		2044
543		41269		1288634		2045
544		41269		1291269		2045
545		41269		1293878		2044
546		41269		1296507		2042
547		41269		1299125		2042
548		41269		1301753		2042
549		41269		1304386		2042
550		41269		1304386		2042
551		41269		1307010		2042
552		41269		1309620		2042
553		41269		1312255		2042
554		41269		1314885		2042
555		41269		1317518		2042
556		41269		1320136		2043
557		41269		1322765		2043
558		41269		1325394		2043
559		41269		1328026		2043
560		41269		1328026		2043
561		41269		1330642		2044
562		41269		1333274		2044
563		41269		1335899		2044
564		41269		1338524		2043
565		41269		1341163		2045
566		41269		1343805		2045
567		41269		1346432		2045
568		41268		1349064		2046
569		41268		1351665		2046
570		41268		1351665		2046
571		41268		1354296		2047
572		41268		1356911		2047
573		41268		1359529		2049
574		41268		1362182		2049
575		41268		1364795		2049
576		41270		1367427		2048
577		41268		1370037		2049
578		41268		1372669		2049
579		41270		1375301		2048
580		41268		1375302		2049
581		41268		1377940		2049
582		41270		1380558		2048
583		41268		1383173		2048
584		41268		1385794		2048
585		41268		1388419		2048
586		41268		1391033		2048
587		41268		1393640		2047
588		41268		1396264		2047
589		41270		1398866		2046
590		41268		1398867		2047
591		41268		1401504		2048
592		41270		1404136		2047
593		41270		1406761		2047
594		41268		1409399		2048
595		41268		1412038		2047
596		41269		1414651		2048
597		41269		1417287		2048
598		41269		1419910		2048
599		41269		1422527		2048
600		41269		1422528		2046
601		41269		1425160		2046
602		41269		1427793		2046
603		41269		1430424		2045
604		41271		1433048		2046
605		41271		1435681		2045
606		41271		1438314		2046
607		41271		1440930		2045
608		41271		1443551		2045
609		41271		1446162		2045
610		41268		1446164		2045
611		41268		1448793		2045
612		41268		1451434		2045
613		41268		1454068		2045
614		41268		1456691		2045
615		41268		1459325		2045
616		41268		1461958		2044
617		41268		1464585		2044
618		41268		1467215		2044
619		41268		1469841		2044
620		41268		1469841		2044
621		41268		1472457		2044
622		41268		1475074		2044
623		41268		1477701		2044
624		41268		1480330		2044
625		41268		1482951		2044
626		41268		1485577		2044
627		41268		1488205		2044
628		41268		1490842		2044
629		41268		1493475		2044
630		41268		1493475		2044
631		41268		1496094		2044
632		41268		1498721		2044
633		41268		1501341		2044
634		41268		1503975		2044
635		41268		1506614		2044
636		41268		1509232		2042
637		41268		1511855		2042
638		41268		1514481		2042
639		41268		1517113		2042
640		41268		1517113		2042
641		41268		1519751		2042
642		41268		1522380		2042
643		41268		1524997		2042
644		41268		1527629		2042
645		41268		1530249		2042
646		41268		1532874		2042
647		41268		1535515		2042
648		41268		1538149		2042
649		41268		1540771		2042
650		41268		1540771		2042
651		41268		1543380		2042
652		41268		1546001		2044
653		41268		1548622		2044
654		41268		1551253		2044
655		41268		1553886		2044
656		41268		1556513		2044
657		41268		1559135		2044
658		41268		1561742		2044
659		41268		1564361		2044
660		41268		1564361		2044
661		41268		1566978		2044
662		41268		1569593		2044
663		41268		1572217		2044
664		41268		1574839		2044
665		41268		1577469		2044
666		41268		1580086		2044
667		41268		1582691		2044
668		41268		1585313		2044
669		41268		1587927		2044
670		41268		1587927		2044
671		41268		1590550		2044
672		41268		1593171		2044
673		41268		1595799		2044
674		41268		1598426		2044
675		41268		1601054		2044
676		41268		1603670		2044
677		41268		1606281		2044
678		41268		1608901		2044
679		41268		1611530		2044
680		41268		1611530		2044
681		41268		1614171		2044
682		41268		1616789		2044
683		41268		1619429		2044
684		41268		1622052		2044
685		41268		1624669		2045
686		41268		1627284		2045
687		41268		1629916		2045
688		41268		1632557		2045
689		41268		1635192		2045
690		41268		1635192		2045
691		41268		1637824		2045
692		41268		1640449		2045
693		41268		1643068		2045
694		41268		1645722		2045
695		41268		1648344		2045
696		41268		1650978		2045
697		41268		1653604		2045
698		41268		1656217		2045
699		41268		1658829		2045
700		41268		1658829		2045
701		41268		1661441		2045
702		41268		1664067		2045
703		41268		1666703		2045
704		41268		1669342		2045
705		41268		1671978		2045
706		41268		1674615		2045
707		41268		1677242		2045
708		41268		1679872		2044
709		41268		1682497		2044
710		41268		1682497		2044
711		41268		1685116		2044
712		41268		1687737		2044
713		41268		1690366		2044
714		41268		1692990		2044
715		41268		1695601		2044
716		41268		1698236		2044
717		41268		1700858		2044
718		41268		1703482		2044
719		41268		1706122		2044
720		41268		1706122		2044
721		41268		1708757		2044
722		41268		1711397		2044
723		41268		1714023		2044
724		41268		1716664		2044
725		41268		1719287		2044
726		41268		1721930		2044
727		41268		1724560		2044
728		41268		1727181		2043
729		41268		1729804		2043
730		41268		1729805		2044
731		41268		1732414		2044
732		41268		1735028		2044
733		41268		1737665		2044
734		41268		1740285		2044
735		41268		1742922		2044
736		41268		1745557		2044
737		41268		1748183		2045
738		41268		1750810		2045
739		41268		1753445		2045
740		41268		1753445		2045
741		41268		1756059		2045
742		41268		1758667		2045
743		41268		1761290		2045
744		41268		1763908		2045
745		41268		1766540		2045
746		41268		1769154		2045
747		41268		1771776		2046
748		41268		1774392		2044
749		41268		1777021		2044
750		41268		1777021		2044
751		41268		1779626		2045
752		41268		1782250		2045
753		41268		1784892		2046
754		41268		1787510		2046
755		41268		1790145		2046
756		41267		1792769		2047
757		41267		1795397		2047
758		41267		1798007		2047
759		41267		1800632		2047
760		41267		1800632		2047
761		41267		1803252		2047
762		41267		1805873		2047
763		41267		1808510		2047
764		41267		1811127		2047
765		41269		1813750		2045
766		41267		1816370		2046
767		41267		1818997		2046
768		41269		1821611		2045
769		41267		1824235		2046
770		41267		1824235		2046
771		41267		1826870		2047
772		41267		1829495		2047
773		41267		1832123		2046
774		41267		1834766		2046
775		41267		1837390		2046
776		41267		1840012		2046
777		41267		1842650		2046
778		41267		1845273		2045
779		41267		1847887		2045
780		41267		1847887		2045
781		41269		1850499		2044
782		41267		1853115		2045
783		41267		1855743		2045
784		41269		1858357		2046
785		41268		1860981		2045
786		41268		1863605		2044
787		41268		1866211		2045
788		41268		1868818		2045
789		41268		1871438		2045
790		41268		1871438		2045
791		41268		1874057		2045
792		41268		1876657		2045
793		41268		1879281		2045
794		41268		1881908		2045
795		41268		1884530		2045
796		41268		1887170		2045
797		41268		1889788		2045
798		41268		1892419		2045
799		41268		1895051		2045
800		41268		1895051		2045
801		41270		1897678		2047
802		41268		1900313		2045
803		41270		1902940		2047
804		41270		1905570		2045
805		41267		1908217		2047
806		41267		1910842		2046
807		41267		1913470		2046
808		41267		1916089		2046
809		41267		1918715		2046
810		41267		1918715		2046
811		41267		1921345		2046
812		41267		1923977		2046
813		41267		1926594		2046
814		41267		1929213		2047
815		41267		1931829		2047
816		41267		1934433		2047
817		41267		1937047		2047
818		41267		1939664		2047
819		41267		1942285		2047
820		41267		1942285		2047
821		41267		1944899		2047
822		41267		1947523		2047
823		41267		1950144		2046
824		41267		1952767		2047
825		41267		1955375		2046
826		41267		1958003		2046
827		41267		1960638		2046
828		41267		1963276		2046
829		41267		1965898		2046
830		41267		1965898		2046
831		41267		1968510		2046
832		41267		1971149		2046
833		41267		1973771		2046
834		41267		1976406		2046
835		41267		1979031		2046
836		41267		1981668		2046
837		41267		1984296		2045
838		41267		1986909		2045
839		41267		1989520		2045
840		41267		1989520		2045
841		41267		1992174		2045
842		41267		1994803		2045
843		41267		1997423		2045
844		41267		2000036		2045
845		41267		2002671		2045
846		41267		2005293		2045
847		41267		2007910		2045
848		41267		2010528		2046
849		41267		2013149		2046
850		41267		2013149		2046
851		41267		2015770		2046
852		41267		2018398		2046
853		41267		2021021		2046
854		41267		2023634		2046
855		41267		2026264		2046
856		41267		2028878		2046
857		41267		2031496		2046
858		41267		2034114		2046
859		41267		2036749		2045
860		41267		2036749		2045
861		41267		2039384		2045
862		41267		2042010		2044
863		41267		2044625		2044
864		41267		2047240		2044
865		41267		2049863		2044
866		41267		2052490		2044
867		41267		2055116		2044
868		41267		2057741		2044
869		41267		2060373		2044
870		41267		2060373		2044
871		41267		2062996		2044
872		41267		2065614		2044
873		41267		2068240		2044
874		41267		2070873		2044
875		41267		2073490		2044
876		41267		2076137		2044
877		41267		2078764		2044
878		41267		2081394		2044
879		41267		2084015		2044
880		41267		2084015		2044
881		41267		2086652		2044
882		41267		2089280		2044
883		41267		2091887		2044
884		41267		2094515		2044
885		41267		2097135		2044
886		41267		2099743		2044
887		41267		2102371		2045
888		41267		2105010		2045
889		41267		2107651		2045
890		41267		2107651		2045
891		41267		2110269		2045
892		41267		2112906		2045
893		41267		2115543		2045
894		41267		2118167		2045
895		41267		2120787		2045
896		41267		2123410		2046
897		41267		2126036		2046
898		41267		2128660		2046
899		41267		2131301		2046
900		41267		2131301		2046
901		41267		2133933		2046
902		41267		2136539		2046
903		41267		2139160		2046
904		41267		2141782		2046
905		41267		2144400		2046
906		41267		2147023		2046
907		41267		2149645		2046
908		41267		2152274		2046
909		41267		2154897		2046
910		41267		2154897		2046
911		41267		2157520		2046
912		41267		2160132		2046
913		41267		2162743		2046
914		41267		2165371		2046
915		41267		2167989		2046
916		41267		2170615		2046
917		41267		2173239		2046
918		41267		2175874		2046
919		41267		2178503		2046
920		41267		2178503		2046
921		41267		2181117		2046
922		41267		2183719		2046
923		41267		2186333		2046
924		41267		2188952		2046
925		41267		2191563		2046
926		41267		2194190		2046
927		41267		2196807		2046
928		41267		2199447		2046
929		41267		2202079		2046
930		41267		2202079		2046
931		41267		2204698		2046
932		41267		2207328		2046
933		41267		2209953		2046
934		41267		2212575		2046
935		41267		2215202		2046
936		41267		2217830		2046
937		41267		2220454		2046
938		41267		2223073		2045
939		41267		2225687		2045
940		41267		2225687		2045
941		41266		2228307		2045
942		41266		2230934		2045
943		41266		2233554		2045
944		41266		2236194		2045
945		41266		2238811		2045
946		41266		2241425		2045
947		41266		2244044		2045
948		41266		2246662		2045
949		41266		2249308		2045
950		41266		2249308		2045
951		41266		2251929		2046
952		41266		2254540		2046
953		41266		2257154		2046
954		41266		2259786		2046
955		41266		2262429		2046
956		41266		2265053		2047
957		41266		2267674		2047
958		41266		2270296		2047
959		41266		2272904		2047
960		41266		2272904		2047
961		41266		2275511		2047
962		41266		2278121		2047
963		41266		2280743		2047
964		41266		2283367		2047
965		41266		2285975		2047
966		41266		2288594		2047
967		41266		2291218		2047
968		41266		2293825		2047
969		41266		2296452		2047
970		41266		2296452		2047
971		41266		2299079		2047
972		41266		2301723		2047
973		41266		2304337		2047
974		41266		2306961		2047
975		41266		2309587		2047
976		41266		2312218		2047
977		41266		2314839		2047
978		41266		2317466		2047
979		41266		2320105		2047
980		41266		2320105		2047
981		41266		2322730		2047
982		41266		2325345		2047
983		41266		2327978		2047
984		41266		2330602		2047
985		41266		2333229		2046
986		41266		2335866		2046
987		41266		2338492		2046
988		41266		2341106		2046
989		41266		2343732		2046
990		41266		2343732		2046
991		41266		2346357		2046
992		41266		2348977		2046
993		41266		2351594		2046
994		41266		2354190		2046
995		41266		2356790		2046
996		41266		2359426		2046
997		41266		2362034		2046
998		41266		2364653		2046
999		41266		2367277		2046
1000		41266		2367277		2046
1001		41266		2369918		2046
1002		41266		2372545		2046
1003		41266		2375179		2046
1004		41266		2377809		2046
1005		41266		2380441		2046
1006		41266		2383056		2046
1007		41266		2385673		2046
1008		41266		2388292		2045
1009		41266		2390905		2045
1010		41266		2390905		2045
1011		41266		2393534		2045
1012		41266		2396159		2045
1013		41266		2398768		2045
1014		41266		2401388		2046
1015		41266		2404004		2046
1016		41266		2406623		2046
1017		41266		2409243		2046
1018		41266		2411882		2046
1019		41266		2414518		2046
1020		41266		2414518		2046
1021		41266		2417142		2046
1022		41266		2419771		2046
1023		41266		2422396		2045
1024		41266		2425026		2045
1025		41266		2427657		2045
1026		41266		2430265		2045
1027		41266		2432891		2045
1028		41266		2435513		2045
1029		41266		2438138		2045
1030		41266		2438138		2045
1031		41266		2440773		2045
1032		41266		2443405		2045
1033		41266		2446020		2045
1034		41266		2448649		2045
1035		41266		2451276		2045
1036		41266		2453898		2045
1037		41266		2456519		2045
1038		41266		2459158		2045
1039		41266		2461781		2045
1040		41266		2461781		2045
1041		41266		2464405		2045
1042		41266		2467037		2045
1043		41266		2469663		2045
1044		41266		2472295		2045
1045		41266		2474923		2046
1046		41268		2477535		2045
1047		41268		2480160		2047
1048		41267		2482773		2046
1049		41267		2485405		2046
1050		41267		2485405		2046
1051		41267		2488016		2046
1052		41267		2490638		2046
1053		41267		2493243		2045
1054		41267		2495864		2045
1055		41267		2498496		2045
1056		41267		2501117		2045
1057		41267		2503739		2045
1058		41269		2506369		2044
1059		41271		2508986		2043
1060		41268		2508988		2045
1061		41269		2511628		2044
1062		41270		2514252		2044
1063		41268		2516863		2045
1064		41269		2519510		2044
1065		41270		2522139		2044
1066		41269		2524747		2045
1067		41269		2527360		2044
1068		41268		2529976		2044
1069		41271		2532594		2046
1070		41271		2532594		2046
1071		41269		2535220		2044
1072		41271		2537835		2046
1073		41270		2540451		2044
1074		41269		2543066		2043
1075		41269		2545687		2043
1076		41269		2548320		2042
1077		41269		2550958		2044
1078		41269		2553580		2043
1079		41269		2556216		2044
1080		41268		2556217		2045
1081		41268		2558842		2047
1082		41268		2561461		2047
1083		41268		2564085		2047
1084		41268		2566705		2047
1085		41268		2569328		2047
1086		41267		2571938		2047
1087		41267		2574566		2047
1088		41267		2577185		2047
1089		41267		2579814		2047
1090		41267		2579814		2047
1091		41267		2582421		2047
1092		41267		2585040		2047
1093		41267		2587652		2047
1094		41267		2590279		2048
1095		41267		2592905		2046
1096		41267		2595533		2046
1097		41267		2598170		2046
1098		41267		2600788		2046
1099		41267		2603395		2046
1100		41267		2603395		2046
1101		41267		2606030		2046
1102		41267		2608645		2046
1103		41267		2611265		2046
1104		41267		2613888		2046
1105		41267		2616525		2046
1106		41267		2619154		2046
1107		41267		2621798		2046
1108		41267		2624427		2046
1109		41267		2627039		2046
1110		41267		2627039		2046
1111		41267		2629646		2046
1112		41267		2632260		2046
1113		41268		2634894		2047
1114		41268		2637524		2047
1115		41267		2640153		2049
1116		41267		2642772		2049
1117		41267		2645391		2049
1118		41267		2648016		2047
1119		41267		2650659		2047
1120		41267		2650659		2047
1121		41267		2653283		2047
1122		41267		2655897		2047
1123		41267		2658538		2047
1124		41267		2661177		2049
1125		41267		2663800		2049
1126		41267		2666430		2049
1127		41267		2669065		2050
1128		41266		2671679		2049
1129		41266		2674306		2048
1130		41266		2674306		2048
1131		41266		2676933		2048
1132		41266		2679549		2050
1133		41266		2682170		2050
1134		41266		2684802		2048
1135		41266		2687428		2048
1136		41266		2690069		2048
1137		41266		2692710		2048
1138		41266		2695333		2048
1139		41266		2697960		2047
1140		41266		2697960		2047
1141		41266		2700586		2047
1142		41266		2703220		2047
1143		41266		2705844		2046
1144		41266		2708488		2046
1145		41266		2711120		2046
1146		41266		2713735		2046
1147		41266		2716369		2046
1148		41266		2718981		2046
1149		41266		2721616		2046
1150		41266		2721616		2046
1151		41266		2724234		2046
1152		41266		2726854		2046
1153		41266		2729479		2046
1154		41266		2732107		2046
1155		41266		2734720		2046
1156		41266		2737343		2046
1157		41266		2739960		2047
1158		41266		2742588		2047
1159		41266		2745189		2047
1160		41266		2745189		2047
1161		41266		2747813		2047
1162		41266		2750426		2047
1163		41266		2753051		2049
1164		41268		2755678		2049
1165		41268		2758305		2049
1166		41266		2760928		2049
1167		41266		2763556		2049
1168		41265		2766174		2048
1169		41265		2768805		2048
1170		41265		2768805		2048
1171		41265		2771433		2048
1172		41265		2774052		2048
1173		41265		2776679		2048
1174		41265		2779316		2048
1175		41265		2781939		2048
1176		41265		2784555		2048
1177		41265		2787169		2048
1178		41265		2789774		2048
1179		41265		2792408		2048
1180		41265		2792408		2048
1181		41265		2795025		2048
1182		41265		2797648		2048
1183		41265		2800278		2048
1184		41265		2802896		2048
1185		41265		2805525		2048
1186		41265		2808130		2048
1187		41265		2810762		2048
1188		41265		2813390		2048
1189		41265		2816009		2048
1190		41265		2816009		2048
1191		41265		2818636		2048
1192		41265		2821270		2048
1193		41265		2823894		2048
1194		41265		2826518		2048
1195		41265		2829152		2048
1196		41265		2831800		2048
1197		41265		2834417		2048
1198		41265		2837033		2048
1199		41265		2839659		2048
1200		41265		2839659		2048
1201		41265		2842286		2048
1202		41265		2844913		2048
1203		41265		2847535		2048
1204		41265		2850158		2048
1205		41265		2852779		2048
1206		41265		2855383		2048
1207		41265		2857996		2048
1208		41265		2860617		2048
1209		41265		2863254		2048
1210		41265		2863254		2048
1211		41265		2865886		2048
1212		41265		2868515		2048
1213		41265		2871139		2048
1214		41265		2873751		2048
1215		41265		2876373		2048
1216		41265		2878986		2048
1217		41265		2881632		2048
1218		41265		2884255		2048
1219		41265		2886886		2048
1220		41265		2886886		2048
1221		41265		2889498		2048
1222		41265		2892134		2048
1223		41265		2894778		2048
1224		41265		2897387		2048
1225		41265		2899997		2048
1226		41265		2902626		2048
1227		41265		2905258		2048
1228		41265		2907899		2048
1229		41265		2910530		2048
1230		41265		2910530		2048
1231		41265		2913156		2048
1232		41265		2915775		2048
1233		41265		2918389		2048
1234		41265		2921011		2048
1235		41265		2923641		2048
1236		41265		2926258		2048
1237		41265		2928886		2048
1238		41265		2931500		2048
1239		41265		2934101		2048
1240		41265		2934101		2048
1241		41265		2936728		2048
1242		41265		2939372		2048
1243		41265		2941992		2048
1244		41265		2944624		2048
1245		41265		2947247		2047
1246		41265		2949867		2047
1247		41265		2952492		2047
1248		41265		2955102		2047
1249		41265		2957727		2047
1250		41265		2957727		2047
1251		41265		2960353		2047
1252		41265		2962974		2047
1253		41265		2965586		2047
1254		41265		2968191		2047
1255		41265		2970791		2047
1256		41265		2973416		2047
1257		41265		2976032		2047
1258		41265		2978659		2047
1259		41265		2981274		2047
1260		41265		2981274		2047
1261		41265		2983906		2047
1262		41265		2986528		2047
1263		41265		2989144		2047
1264		41265		2991771		2047
1265		41265		2994397		2048
1266		41265		2997020		2047
1267		41265		2999633		2047
1268		41265		3002261		2047
1269		41265		3004896		2047
1270		41265		3004896		2047
1271		41265		3007534		2047
1272		41265		3010165		2047
1273		41265		3012805		2047
1274		41265		3015416		2047
1275		41265		3018051		2047
1276		41265		3020686		2047
1277		41265		3023308		2047
1278		41265		3025923		2049
1279		41265		3028549		2049
1280		41265		3028549		2049
1281		41265		3031171		2049
1282		41265		3033795		2049
1283		41265		3036423		2049
1284		41265		3039048		2049
1285		41265		3041688		2049
1286		41265		3044306		2049
1287		41265		3046929		2049
1288		41265		3049543		2049
1289		41265		3052173		2049
1290		41265		3052173		2049
1291		41265		3054796		2049
1292		41265		3057412		2049
1293		41265		3060037		2049
1294		41265		3062661		2048
1295		41265		3065300		2048
1296		41265		3067928		2048
1297		41265		3070532		2048
1298		41265		3073140		2048
1299		41265		3075750		2048
1300		41265		3075750		2048
1301		41265		3078373		2048
1302		41265		3080991		2048
1303		41265		3083615		2048
1304		41265		3086235		2048
1305		41265		3088853		2048
1306		41265		3091491		2048
1307		41265		3094128		2048
1308		41265		3096753		2048
1309		41265		3099376		2048
1310		41265		3099376		2048
1311		41265		3102017		2048
1312		41265		3104640		2048
1313		41265		3107253		2048
1314		41265		3109886		2048
1315		41265		3112505		2049
1316		41265		3115123		2049
1317		41265		3117766		2049
1318		41265		3120402		2049
1319		41265		3123043		2049
1320		41265		3123043		2049
1321		41265		3125659		2049
1322		41265		3128302		2049
1323		41265		3130924		2049
1324		41265		3133549		2049
1325		41265		3136176		2049
1326		41265		3138798		2049
1327		41265		3141432		2049
1328		41265		3144072		2049
1329		41265		3146685		2049
1330		41265		3146685		2049
1331		41265		3149314		2049
1332		41265		3151937		2049
1333		41265		3154569		2049
1334		41265		3157195		2049
1335		41265		3159816		2049
1336		41265		3162425		2049
1337		41265		3165055		2049
1338		41265		3167691		2049
1339		41265		3170308		2049
1340		41265		3170308		2049
1341		41265		3172937		2049
1342		41265		3175541		2049
1343		41265		3178166		2049
1344		41265		3180792		2049
1345		41265		3183420		2049
1346		41265		3186059		2049
1347		41265		3188681		2049
1348		41265		3191302		2049
1349		41265		3193917		2049
1350		41262		3193918		2049
1351		41260		3196562		2047
1352		41260		3199201		2047
1353		41260		3201820		2047
1354		41260		3204438		2048
1355		41260		3207057		2048
1356		41261		3209670		2048
1357		41261		3212289		2048
1358		41260		3214926		2047
1359		41260		3217555		2047
1360		41260		3217555		2047
1361		41260		3220181		2047
1362		41264		3222803		2047
1363		41264		3225427		2047
1364		41260		3228033		2046
1365		41260		3230652		2046
1366		41260		3233262		2046
1367		41264		3235886		2048
1368		41260		3238511		2046
1369		41259		3241135		2047
1370		41259		3241135		2047
1371		41259		3243767		2047
1372		41259		3246409		2047
1373		41259		3249029		2047
1374		41259		3251657		2047
1375		41259		3254289		2047
1376		41259		3256916		2047
1377		41259		3259535		2047
1378		41263		3262165		2049
1379		41263		3264794		2048
1380		41264		3264796		2048
1381		41261		3267434		2047
1382		41261		3270051		2047
1383		41260		3272688		2046
1384		41260		3275316		2045
1385		41260		3277951		2045
1386		41260		3280583		2045
1387		41260		3283236		2045
1388		41260		3285864		2045
1389		41260		3288487		2045
1390		41260		3288487		2045
1391		41260		3291114		2044
1392		41260		3293740		2044
1393		41260		3296365		2044
1394		41260		3298988		2043
1395		41260		3301617		2043
1396		41260		3304223		2043
1397		41258		3306842		2042
1398		41258		3309455		2042
1399		41258		3312078		2043
1400		41257		3312079		2043
1401		41257		3314691		2043
1402		41257		3317305		2043
1403		41257		3319917		2043
1404		41257		3322533		2043
1405		41257		3325166		2043
1406		41257		3327792		2043
1407		41257		3330431		2043
1408		41257		3333060		2043
1409		41257		3335681		2043
1410		41260		3335682		2043
1411		41260		3338307		2045
1412		41260		3340929		2045
1413		41260		3343543		2045
1414		41260		3346164		2045
1415		41260		3348794		2046
1416		41260		3351404		2046
1417		41260		3354018		2045
1418		41260		3356662		2046
1419		41260		3359296		2045
1420		41260		3359296		2045
1421		41260		3361927		2045
1422		41260		3364546		2045
1423		41260		3367154		2045
1424		41260		3369771		2046
1425		41260		3372392		2046
1426		41260		3375023		2046
1427		41260		3377648		2046
1428		41260		3380252		2046
1429		41260		3382843		2046
1430		41260		3382843		2046
1431		41260		3385468		2046
1432		41260		3388096		2046
1433		41260		3390704		2046
1434		41260		3393325		2046
1435		41260		3395944		2046
1436		41260		3398552		2045
1437		41260		3401173		2045
1438		41260		3403792		2045
1439		41260		3406409		2045
1440		41260		3406409		2045
1441		41260		3409026		2045
1442		41260		3411659		2043
1443		41260		3414268		2043
1444		41260		3416913		2043
1445		41260		3419548		2043
1446		41260		3422183		2047
1447		41259		3424807		2046
1448		41259		3427427		2044
1449		41259		3430062		2044
1450		41259		3430062		2044
1451		41259		3432696		2044
1452		41259		3435323		2044
1453		41259		3437954		2044
1454		41259		3440574		2045
1455		41259		3443191		2045
1456		41259		3445820		2045
1457		41259		3448453		2046
1458		41259		3451079		2046
1459		41259		3453695		2046
1460		41259		3453695		2046
1461		41259		3456300		2046
1462		41259		3458927		2045
1463		41259		3461547		2045
1464		41259		3464166		2044
1465		41259		3466780		2045
1466		41260		3469414		2045
1467		41260		3472019		2045
1468		41260		3474640		2045
1469		41260		3477275		2046
1470		41260		3477275		2046
1471		41260		3479906		2046
1472		41260		3482540		2044
1473		41260		3485165		2044
1474		41260		3487779		2044
1475		41260		3490399		2044
1476		41260		3493024		2044
1477		41260		3495653		2044
1478		41260		3498286		2046
1479		41260		3500930		2046
1480		41260		3500930		2046
1481		41260		3503551		2046
1482		41260		3506180		2046
1483		41260		3508802		2046
1484		41260		3511434		2046
1485		41260		3514050		2046
1486		41259		3516654		2044
1487		41259		3519284		2045
1488		41258		3521910		2045
1489		41258		3524533		2045
1490		41258		3524533		2045
1491		41258		3527146		2045
1492		41258		3529779		2045
1493		41258		3532397		2045
1494		41258		3535021		2045
1495		41258		3537646		2045
1496		41258		3540264		2045
1497		41258		3542899		2045
1498		41258		3545522		2045
1499		41258		3548147		2045
1500		41258		3548147		2045
1501		41258		3550769		2045
1502		41258		3553412		2045
1503		41258		3556043		2045
1504		41258		3558681		2045
1505		41258		3561286		2045
1506		41258		3563898		2045
1507		41259		3566535		2045
1508		41258		3569154		2045
1509		41257		3571793		2045
1510		41257		3571793		2045
1511		41257		3574408		2045
1512		41257		3577035		2045
1513		41257		3579652		2045
1514		41257		3582282		2045
1515		41257		3584878		2045
1516		41259		3587524		2046
1517		41259		3590128		2046
1518		41257		3592746		2044
1519		41257		3595360		2044
1520		41257		3595360		2044
1521		41259		3597982		2046
1522		41259		3600612		2046
1523		41258		3603237		2045
1524		41258		3605862		2045
1525		41258		3608481		2045
1526		41258		3611111		2045
1527		41258		3613737		2045
1528		41258		3616378		2045
1529		41258		3619007		2045
1530		41258		3619007		2045
1531		41258		3621631		2045
1532		41258		3624261		2046
1533		41258		3626882		2046
1534		41258		3629514		2045
1535		41258		3632142		2045
1536		41258		3634769		2045
1537		41258		3637391		2045
1538		41258		3640001		2045
1539		41258		3642616		2045
1540		41258		3642616		2045
1541		41258		3645239		2045
1542		41258		3647879		2043
1543		41260		3650491		2042
1544		41260		3653106		2041
1545		41259		3655727		2041
1546		41259		3658362		2041
1547		41261		3660977		2043
1548		41261		3663591		2042
1549		41261		3666210		2042
1550		41260		3666211		2041
1551		41260		3668828		2041
1552		41260		3671445		2041
1553		41260		3674062		2041
1554		41260		3676680		2043
1555		41260		3679310		2044
1556		41260		3681937		2044
1557		41260		3684555		2044
1558		41260		3687171		2043
1559		41260		3689785		2043
1560		41260		3689785		2043
1561		41260		3692411		2043
1562		41260		3695043		2043
1563		41260		3697677		2043
1564		41260		3700297		2043
1565		41260		3702927		2043
1566		41260		3705560		2043
1567		41260		3708184		2043
1568		41260		3710818		2043
1569		41260		3713449		2042
1570		41260		3713449		2042
1571		41260		3716083		2043
1572		41260		3718702		2044
1573		41260		3721333		2044
1574		41260		3723960		2044
1575		41262		3726589		2046
1576		41260		3729207		2045
1577		41260		3731838		2045
1578		41260		3734463		2045
1579		41262		3737081		2047
1580		41262		3737081		2047
1581		41262		3739707		2047
1582		41262		3742327		2046
1583		41260		3744945		2044
1584		41261		3747579		2045
1585		41261		3750201		2045
1586		41261		3752818		2045
1587		41261		3755450		2043
1588		41261		3758077		2043
1589		41263		3760705		2045
1590		41261		3760706		2043
1591		41263		3763332		2045
1592		41263		3765959		2045
1593		41261		3768584		2043
1594		41260		3771211		2043
1595		41260		3773843		2043
1596		41260		3776483		2045
1597		41260		3779085		2047
1598		41260		3781707		2047
1599		41260		3784336		2047
1600		41260		3784336		2047
1601		41260		3786963		2047
1602		41260		3789591		2047
1603		41260		3792214		2047
1604		41260		3794833		2047
1605		41260		3797447		2045
1606		41260		3800060		2046
1607		41260		3802698		2046
1608		41260		3805310		2046
1609		41260		3807947		2046
1610		41260		3807947		2046
1611		41260		3810566		2046
1612		41260		3813179		2046
1613		41260		3815793		2046
1614		41260		3818419		2046
1615		41260		3821053		2046
1616		41260		3823700		2046
1617		41260		3826333		2047
1618		41260		3828966		2047
1619		41260		3831587		2047
1620		41260		3831587		2047
1621		41260		3834200		2047
1622		41260		3836825		2047
1623		41260		3839458		2047
1624		41260		3842089		2047
1625		41260		3844709		2045
1626		41260		3847345		2045
1627		41261		3849982		2045
1628		41261		3852600		2045
1629		41261		3855236		2045
1630		41260		3855237		2046
1631		41262		3857862		2045
1632		41260		3860494		2045
1633		41260		3863130		2045
1634		41260		3865758		2045
1635		41260		3868361		2045
1636		41260		3870981		2045
1637		41260		3873596		2045
1638		41260		3876229		2045
1639		41260		3878843		2045
1640		41260		3878843		2045
1641		41260		3881460		2045
1642		41260		3884094		2045
1643		41260		3886717		2045
1644		41260		3889344		2045
1645		41260		3891975		2045
1646		41260		3894608		2045
1647		41260		3897244		2044
1648		41260		3899866		2045
1649		41260		3902487		2045
1650		41260		3902487		2045
1651		41260		3905112		2045
1652		41260		3907723		2045
1653		41260		3910356		2045
1654		41260		3912973		2045
1655		41260		3915585		2045
1656		41260		3918210		2045
1657		41260		3920831		2046
1658		41260		3923454		2046
1659		41260		3926071		2045
1660		41260		3926071		2045
1661		41260		3928675		2046
1662		41260		3931300		2046
1663		41260		3933921		2046
1664		41260		3936543		2046
1665		41260		3939166		2045
1666		41260		3941788		2045
1667		41260		3944401		2044
1668		41260		3947020		2044
1669		41260		3949636		2043
1670		41260		3949636		2043
1671		41260		3952280		2043
1672		41260		3954905		2043
1673		41260		3957533		2043
1674		41260		3960140		2044
1675		41260		3962745		2044
1676		41260		3965353		2044
1677		41260		3967976		2044
1678		41260		3970599		2044
1679		41260		3973222		2042
1680		41260		3973222		2042
1681		41260		3975847		2042
1682		41260		3978473		2041
1683		41260		3981114		2040
1684		41260		3983753		2040
1685		41260		3986376		2040
1686		41260		3988999		2040
1687		41260		3991624		2040
1688		41260		3994237		2040
1689		41260		3996865		2040
1690		41260		3996865		2040
1691		41260		3999483		2041
1692		41260		4002120		2041
1693		41260		4004733		2041
1694		41260		4007365		2041
1695		41260		4009981		2041
1696		41260		4012603		2042
1697		41260		4015214		2041
1698		41260		4017848		2041
1699		41260		4020465		2041
1700		41260		4020465		2041
1701		41260		4023085		2039
1702		41260		4025692		2040
1703		41260		4028318		2040
1704		41260		4030946		2040
1705		41260		4033595		2039
1706		41260		4036212		2039
1707		41260		4038829		2041
1708		41260		4041459		2041
1709		41260		4044089		2041
1710		41260		4044089		2041
1711		41260		4046714		2042
1712		41260		4049331		2042
1713		41260		4051959		2042
1714		41260		4054593		2042
1715		41260		4057211		2044
1716		41260		4059832		2044
1717		41260		4062455		2043
1718		41260		4065083		2043
1719		41260		4067708		2043
1720		41260		4067708		2043
1721		41260		4070328		2043
1722		41260		4072949		2043
1723		41260		4075566		2043
1724		41261		4078185		2043
1725		41260		4080823		2044
1726		41260		4083448		2044
1727		41260		4086073		2044
1728		41260		4088694		2044
1729		41259		4091318		2044
1730		41259		4091318		2044
1731		41259		4093931		2044
1732		41259		4096547		2044
1733		41259		4099163		2044
1734		41259		4101791		2044
1735		41259		4104425		2044
1736		41259		4107045		2044
1737		41259		4109657		2044
1738		41259		4112281		2043
1739		41259		4114894		2043
1740		41259		4114894		2043
1741		41259		4117517		2043
1742		41259		4120123		2043
1743		41259		4122734		2043
1744		41259		4125365		2043
1745		41259		4127977		2043
1746		41259		4130585		2043
1747		41259		4133204		2043
1748		41259		4135838		2044
1749		41259		4138449		2044
1750		41259		4138449		2044
1751		41259		4141064		2044
1752		41259		4143694		2044
1753		41259		4146323		2043
1754		41259		4148963		2043
1755		41259		4151578		2043
1756		41259		4154210		2043
1757		41259		4156828		2043
1758		41259		4159449		2043
1759		41259		4162074		2043
1760		41259		4162074		2043
1761		41259		4164697		2043
1762		41259		4167313		2045
1763		41259		4169924		2045
1764		41259		4172561		2045
1765		41259		4175184		2045
1766		41259		4177800		2045
1767		41259		4180436		2045
1768		41259		4183053		2045
1769		41259		4185674		2045
1770		41259		4185674		2045
1771		41259		4188299		2045
1772		41259		4190946		2045
1773		41259		4193580		2045
1774		41259		4196210		2045
1775		41259		4198846		2045
1776		41259		4201483		2045
1777		41259		4204115		2045
1778		41259		4206741		2045
1779		41259		4209369		2045
1780		41259		4209369		2045
1781		41259		4211996		2045
1782		41259		4214605		2045
1783		41258		4217236		2046
1784		41258		4219854		2046
1785		41258		4222477		2046
1786		41258		4225105		2046
1787		41258		4227720		2046
1788		41258		4230354		2046
1789		41258		4232975		2046
1790		41258		4232975		2046
1791		41258		4235603		2047
1792		41258		4238231		2047
1793		41258		4240864		2046
1794		41258		4243499		2046
1795		41258		4246123		2047
1796		41258		4248736		2045
1797		41258		4251361		2045
1798		41258		4253991		2045
1799		41258		4256593		2045
1800		41258		4256593		2045
1801		41258		4259205		2045
1802		41258		4261833		2045
1803		41258		4264464		2045
1804		41258		4267082		2045
1805		41258		4269710		2045
1806		41258		4272328		2045
1807		41258		4274966		2045
1808		41258		4277571		2045
1809		41258		4280203		2045
1810		41258		4280203		2045
1811		41258		4282830		2045
1812		41258		4285434		2044
1813		41258		4288074		2045
1814		41258		4290665		2045
1815		41258		4293283		2045
1816		41258		4295901		2045
1817		41258		4298539		2045
1818		41258		4301169		2045
1819		41258		4303801		2047
1820		41258		4303801		2047
1821		41258		4306426		2047
1822		41258		4309052		2046
1823		41258		4311678		2046
1824		41258		4314309		2046
1825		41258		4316930		2046
1826		41258		4319551		2046
1827		41258		4322185		2045
1828		41258		4324801		2045
1829		41258		4327414		2045
1830		41258		4327414		2045
1831		41258		4330045		2045
1832		41258		4332678		2045
1833		41258		4335290		2045
1834		41258		4337907		2045
1835		41258		4340528		2045
1836		41258		4343169		2045
1837		41258		4345785		2046
1838		41258		4348411		2046
1839		41258		4351036		2046
1840		41258		4351036		2046
1841		41258		4353666		2046
1842		41258		4356289		2046
1843		41258		4358914		2046
1844		41258		4361540		2046
1845		41258		4364163		2046
1846		41258		4366779		2045
1847		41258		4369385		2045
1848		41258		4371996		2045
1849		41258		4374637		2045
1850		41258		4374637		2045
1851		41258		4377273		2045
1852		41258		4379871		2043
1853		41258		4382490		2043
1854		41258		4385111		2045
1855		41258		4387738		2045
1856		41258		4390371		2045
1857		41258		4392989		2045
1858		41258		4395612		2045
1859		41258		4398222		2045
1860		41258		4398222		2045
1861		41258		4400847		2043
1862		41258		4403473		2043
1863		41258		4406097		2043
1864		41258		4408735		2044
1865		41258		4411341		2044
1866		41258		4413978		2043
1867		41258		4416583		2043
1868		41258		4419196		2043
1869		41258		4421823		2043
1870		41258		4421823		2043
1871		41258		4424435		2043
1872		41258		4427048		2043
1873		41258		4429660		2043
1874		41258		4432281		2043
1875		41258		4434913		2043
1876		41258		4437555		2043
1877		41258		4440180		2043
1878		41258		4442801		2043
1879		41258		4445425		2043
1880		41258		4445425		2043
1881		41258		4448052		2043
1882		41258		4450674		2043
1883		41258		4453291		2043
1884		41258		4455905		2043
1885		41258		4458537		2043
1886		41258		4461162		2043
1887		41258		4463769		2043
1888		41258		4466401		2043
1889		41258		4469013		2043
1890		41258		4469013		2043
1891		41258		4471639		2043
1892		41258		4474254		2043
1893		41258		4476872		2043
1894		41258		4479503		2043
1895		41258		4482131		2043
1896		41259		4484747		2044
1897		41259		4487377		2044
1898		41259		4490003		2044
1899		41259		4492617		2044
1900		41258		4492618		2043
1901		41258		4495251		2042
1902		41258		4497866		2044
1903		41255		4500489		2044
1904		41255		4503117		2044
1905		41255		4505744		2045
1906		41256		4508371		2044
1907		41255		4510993		2045
1908		41256		4513615		2044
1909		41255		4516238		2045
1910		41256		4516239		2044
1911		41256		4518855		2045
1912		41255		4521471		2046
1913		41256		4524096		2045
1914		41255		4526710		2046
1915		41256		4529348		2045
1916		41256		4531971		2045
1917		41255		4534592		2046
1918		41255		4537226		2045
1919		41255		4539835		2047
1920		41255		4539835		2047
1921		41255		4542442		2047
1922		41255		4545059		2047
1923		41255		4547685		2047
1924		41255		4550315		2047
1925		41255		4552941		2047
1926		41255		4555560		2048
1927		41255		4558196		2048
1928		41255		4560809		2046
1929		41255		4563435		2046
1930		41255		4563435		2046
1931		41257		4566058		2045
1932		41257		4568691		2046
1933		41257		4571321		2048
1934		41257		4573955		2048
1935		41257		4576582		2048
1936		41257		4579213		2048
1937		41257		4581831		2048
1938		41257		4584454		2047
1939		41257		4587070		2048
1940		41255		4587073		2046
1941		41255		4589697		2045
1942		41255		4592328		2045
1943		41256		4594954		2045
1944		41256		4597591		2045
1945		41255		4600218		2046
1946		41255		4602833		2046
1947		41255		4605472		2046
1948		41255		4608073		2046
1949		41255		4610704		2046
1950		41255		4610704		2046
1951		41255		4613323		2046
1952		41255		4615949		2046
1953		41255		4618569		2046
1954		41255		4621206		2046
1955		41255		4623828		2046
1956		41255		4626460		2046
1957		41255		4629088		2047
1958		41255		4631709		2047
1959		41255		4634317		2047
1960		41256		4634318		2047
1961		41256		4636950		2046
1962		41255		4639557		2047
1963		41255		4642155		2047
1964		41255		4644769		2047
1965		41255		4647381		2047
1966		41255		4650001		2047
1967		41255		4652621		2047
1968		41255		4655255		2045
1969		41255		4657878		2045
1970		41255		4657878		2045
1971		41255		4660498		2045
1972		41255		4663141		2045
1973		41255		4665774		2045
1974		41255		4668381		2045
1975		41255		4671005		2045
1976		41255		4673635		2045
1977		41255		4676277		2045
1978		41255		4678909		2045
1979		41255		4681532		2045
1980		41255		4681532		2045
1981		41255		4684156		2045
1982		41255		4686787		2045
1983		41255		4689406		2045
1984		41255		4692018		2045
1985		41255		4694647		2044
1986		41255		4697262		2044
1987		41255		4699897		2044
1988		41255		4702520		2044
1989		41255		4705145		2044
1990		41255		4705145		2044
1991		41255		4707761		2044
1992		41255		4710397		2044
1993		41255		4713027		2045
1994		41255		4715655		2045
1995		41255		4718290		2045
1996		41255		4720932		2045
1997		41255		4723548		2045
1998		41255		4726166		2045
1999		41255		4728798		2045
2000		41255		4728798		2045
2001		41255		4731437		2045
2002		41255		4734071		2045
2003		41255		4736691		2045
2004		41255		4739316		2046
